$ANSIBLE_VAULT;1.1;AES256
37323436363664653631356531326337393236323535663565306365316536343032396138303532
3834653166633732643836643138623833373962323466630a333039383863323565326465646565
64623864393163363137303739653839646564343161616331333835333237376335643966636236
3564616337303837620a316461346437353962626234323438343839653163626438336539633839
32313636363638313332616261303433626637633138636362613937313138373134386639303363
34376464643734353364373731616662333131656532366330363639656339636232396365316638
33313731636339326561393364626265373964666434636366633636656465373538323230323237
31383135613739333966346461646163383839363230363735323966316430653862363337356532
31663264613234656634383838336662383933376561303337616536333862653135663434356165
66306562326136616636626230336264376465323932653336313462653336336465346337303732
38643663363635643833653461613738626466336538393238383437393866633265653333663935
66653939666365353138363936613063356433386335373631613432306135336338333836376130
30633335666465303935396262303261366435333135653036643663643934393165336436646662
6634376161343066383861663530326566323034623863363333
