$ANSIBLE_VAULT;1.1;AES256
62356161666538653930333834383866366536386461613135353839663662336263396362313761
3939323661303664376161373364626666376632316464620a303338663932343532633037313736
35353465353736306465623530626438376531356365396463643434653966626430366531336338
6134636137373665610a666366353533373366613161633164323737396135366663663437656131
66623630626530386166666362363964383134613035633538613335383239623832393334386139
61646231383863313236666334306531333237313131393132323836366563343866323839373163
37323362366133393563643066363666333138363761613530313031313532336330663165363130
65633237656133396332376438663563323736306636313465393262356334613139363461323633
62373935373338333639643131323663373465316439346230303831666238306432623035613566
35393839393337653263316339633337666539616466373430613138663139633937663239386534
63336165376265323637643436636438623462383561626130306536373839333833626333613730
39636266646236373539316233623436373866383364376461363937376335653961383861383835
65633830633464353933346235633438333330313631653766313665366665353034363035383737
63376630656533643430373861623638663565326531353662383834383132643662663333316238
33356634633130636131653063306431613765376139633134646462633965386165343064383733
35373837636236393233343331323532393065356338633739343564323962313066653566616133
36356439663435383963343530363766376534663833323933653830373031343363303166383839
63643731616537363863333864623336623437633733343164356661393633366234396362383134
36373833353263653034396234636531666563363363316439623531346635326339336463313531
36333133626466653633356130303663666262343534336438323039356134343966343731626237
32616163376466666639316239636532306134353363323538363130653561326232383434626266
32383830656230376432313331313066613664306439366237326161353735343237346462376132
62336631343662323534626536343330323736303630326539303337363138376664303631303166
64313732366634623430386561376232373939666331633161376432643562323436363931313363
63353839316536626436393863643064643961393562656263366536656237646436613335636562
61333962306665656139656339386632653962356631323832343165313937383036653866626431
64623334373730373835356239363438393664323939336366633565353038313962356562323431
65396430616638313062313134323163626533333838303761313661336237613261623064326261
65313762326239626139643730653964336430643636393363343336393639323933623461376263
39613538643830613666323466353336653833616262336232613361346664373636363039313139
37316338363732356465396463353435636662663734326436616339306431366338313339366665
65646531333166333565303664666366666230376165653935366363313132356663313736353666
37633465363161383962373435313465663939356338303236303630303730383935366662616130
38323635643333623739653765343264323236663034376139613530363339323537643138323038
30613838306530303165363266393039326264636634313633383166383961383961333235316139
62663966313632323834386433333239616439663862626139626566333430333931636331383566
39333437313634383862663339613132326562326534333938636438626135323964626662633461
65333332303436626536343933373462333530323363393235376361316364643139373162366333
36656231383538396234656662346562343464343334346666363138393230653838363731666538
66623638363666633635396232353436663537303663633139313131303236363862353230626365
32643531623939646239613539326636353934653139333836363338376665636333656533376532
32393764353536666130666665393236396533343733373364313139663731656266633533376233
37373934326162663666343433623034376636346635356131376232633832353830303565323935
32613931616138323464623232623832343236336434613631386431303665316530663732386335
61343965393964386439323233653636326233366534386262313837363639343434343937653663
30323537616637353437633235376263653965393030383334333364306137373838396333353330
35356366303730623265633438633561383530393734393563343932313939613432336631643937
30633334363961326363636266383134303636376131626339353064616535373936343565313636
38616363366165616464356533316234373430626366616433363037636230373262643230316234
31616536643738393938376431353830346162313564643762643733366530343062376666643936
35343037643531366330666563643735343965623839353938316638623233626638373439633062
32636530303738663065336136343463343231353239663564643732313832343662393735303566
63633062623732306561393865373565643137313064613434376330396134613437633135343933
33343365623161396235363565346632346136353765366132666665303538663263613332616632
33623765323136343138666539323263383763663461623338333233386633316232326364656134
31353532633165396435326434346163323566663365643535666635303265646266616437373637
39306536656166323661376339653437653765643838366164663262303162346534363563373931
63373338393134376630653863373063653735613939346631323638666363613237633333363934
63313634363563643935313435626430396664663564623263626463386539633861616639343638
36303365306531326362383737363861633535663931396162393938616166353563393865353062
34663930653634623238313366306131626664386539643533306234363536633461633531663536
64373561373966623439613663613436393366383333643266346134313831396536356130343933
30393132356234386530626435386431633664323839356566373034633162623630616634333835
37353161343737346264376330363631666535663931656166326131626235333432633366366638
33356562376261396565366637333233333538636562383064393233306532393132303537633239
30313764333364666535313334386632336238626362613033303064623733653033343766303861
34643630386139643830663038366262343436313330303534356665633538353030646434393831
61643936333533663333386162383338346231316432613836353331666533346633643135366466
63326638303934323034623536653662613630653937643730313238613137626239373066383031
30363731613465633565633738366565346235643465373766313064353839663766386134326136
66353762363065366132353130323738396263663865396563366232616166613165363364323436
36313236373138643937323438376363333763663363646366366531333438623566643530363133
34626664303339653265393865343133623638333665376534303032363430366164633232663736
66386337346238323531333265333362623063393538383232336437326531356333393132366439
33613035653762623635336333363661633833633335663036663761383037383234323165373230
62666266343439306432393466313965313235666161386534393330393961346633313538653538
32336363623633386565316639656337373231633138336438623462383962363133666463653938
33363436633835363861396235336164663130666638633132653932333330666334633231646432
36356532363036316362656435666134326634353637326236656665636262616136373666656365
34323735663864663135346133386235333165623665656532623230613330333261356664643834
66653861666435383236616665613631323936356631396465343331386566306632343362376261
37313665333636303335663066353133666539383532343431363335363365643234613764626662
38323962613963343563656634653938303861666261313034306534313239356136366664633538
35306639633461346231313765353836376634653733616466306539306261376439633636616639
61313366316465346539393462633833386566373131663965616164363237633461383964613432
37333035336638663265396338643032396631653164666666613031653832656462353364393530
33356364333335646232376435303632633465666366656266613138343066313835316366343965
61393735643034353565343537326136656236316334336266373234613231633564356363313536
34396539323538326532396161346165656264643465333461373563383862663338666131653439
38626236306365616637653566363466333036633765326231313938333839643661303037343933
34656338306333366136313730376539343830343437383437376434643036633333336433353165
35343765376232386332646334346436393836666239613138663331373639343061363634623435
30303138643738343137643631326331363433663735343932373463393032383237613064373463
39393665306466306538663833666336333034393035313337666132326239636437316662643434
37666337643338363033333239616133396432393565636563616537363861633139346637306465
32316439303166383834373932346664626336363866643763653132376533653062643339353132
33323730636362306431636561313438663138313431353439313863343933636366626562393162
62313738393833326566636234616638613234666234383366646434633530326663383138643536
66656635373930363239653663343935616462643061376561323831326632666431363335323537
31356661646631633561663930613533393333376563636664366631343461363835386432656561
66656536343539346563656230303864313039333437366262366632316136346639386535643764
62613565613962363661393365663866383338646430393032393135613663306464356565356465
38633035363632346533353730356430646666633032636561636435663963326562373737363433
39626639353833383637636565663464323636313963333962306332663836373934353264333464
39633762386366393331613365393231663534623832306330373135656335383862353063313032
30393638633361616631643938633338643237376165613966316434333862303539666635356233
61323034343735663539346561353735323964613436613033373362626534656131346362616334
63306537386638303930373030356461623838353366646364393464336531336130623230326461
37636265633737303535656164356539613232393939363038366136663431643166356332343538
36353261336233313263313330626433313234333363326362626132353035316631393838656136
65396436393962616339346435386235383335666435343565346535623166663464633930313461
32646464303165633762313130376439613166633536656238636430633937393333303166326262
39623836363763316365316661343237323135666264333536303765646538326136346237373663
66346666326530313464626237333935326262316264376138616265326163356535336566666362
33623539653563636531656430326630653961323161656465333339353336316138643638633563
64633232653366613365336335333935633633303063343362353636353636316130636536346466
66643962616664383263393137386431626435323664656539643936353135663230356130303264
30393430626534616337366635383362363632306332323937343063633738376564366437356466
34633230343338323736646662346262653861663166636162303665323132353164396564373732
38373561666163346263376630336461376433613834613630363338646166303434646330396235
63363036393735356335623939666461336563326232313463303166636562613233623836313437
34656264373436626332613064303438333363316537396663373763383462643433313963623163
39386332366231383666633034626365316632373639663364396163323862613064326538363565
35326266396533616438653433343430653238626138316135363538636132393133373631343061
61333030656662343063326436356262616665353661326132623832643236363237623161383937
33623661313564323862323435343663363530373361346538383738663732366333373938323565
31366132636134346162363163313261306531303261633366643137623065303331623365646637
30303731323766303433383438643961396263326535343962303438373365356339653434633265
34363234383761613362313865326631333736633264633530336238666232643635336431336165
66663937373338613534343866316135306133326333626432373765333238636264373366363764
64666563633437653830633239383430303762626162326531343865613230376534373932333865
30343731356565343432313662366637386363663061306630626131336664613833396131343332
33653937646336663833663637653165333233653136383535346261613435623730663465633235
63363866646561613832663036616133623862626531353666353633666664636564336134343138
32633165366435346465316261376430653962393334353531346236313465343136383433643663
30353731303531666664623463373065316663323939343636323139356663313432653930343337
65386130363733373262613138636138373732383938363662336564636531343665633036333962
33393437373238646337656533373261306564393764303635383166353863376463633066383731
64313161313031653764306133393638646161623365343834636462376539396332326563326462
65366231343435616466626562643966653762366339313838623234623030313837613638656437
39303432656334393736643338346262326566303431366166343965373038393365636233613562
62336364316538303532303632333461363434653132386138613762383266376232393461633231
37316262663533336263623561353536313034623036313138623866353631643435663932373931
66326431333237323530346239373564626330336166393830303235393935383164306136386464
38666364363531376265643830616438353132656239393462663431633630663035316135343138
32643531636536653331386361636433323833643866383835316431383137303139383064363033
37303632653761646565636235383630326562386132313536326664393038643962623466623130
30633461386462633862663663323833326562373665643439313432333566616535343864303834
37623037643263643664633164623633313736303330396162393138393263366539363334623731
66376237646131643632316539386464346434353636656536626661343237363962623663323030
32353632356462366561343835313461623532383331373338306334393534663138663434373232
35356330346430363565356530396535643539303634383464666331636230633963306165383633
30646131653139363339363964636165663737306534323461363362306137653464373766353532
39616331366438366637333736376538653261393537336538306137646230343738383933323666
38633061396434386338613166383261666263666530336566623137393962316437626562646464
65646130363265353736336465653236323065373631356566656265346532343261303838626163
30303664333933383631313361366464333939393034333033333761376333633164346665626266
62613065383331306639313438663963366163633738326538633833306638623039386338663736
39306436643831353066383233303337333035363061653566663536663430663563646366383666
31386634613533616437343231366130313261386263633861616432616263303836663866616135
39383337666661653035646130616536663866663738653266663432633165333435336262316136
32346666653036306338626161636530343864356434316461663734326536333966613731306364
35663765303038636137323834363332306138646361366134336664633330313034663139616563
66643464373535396163323264303831376563646166313961343830353537393433353130363031
64323237316130386531326566356161353062643763386439336638346266663737343232313634
38613566306231316438666663386130303664326534356465346362616663656362326136613239
37336561656231373930306235316362643239303938333835386434306363636139646536646237
33383732643264346635626335396236383537663936663164393337333739393839396239323166
63626663653362333763613731623731366138633330346236343934633337653666623230316563
30353239626337363138366435396664623735636634393663343534393239623865626530306636
66393061303164333533376530326135313964393233353732623634353266313036353833626538
32373637663231316664303066396334623031623837356535663166643131626165303036343764
32643031633235343564303561336536613066316133373435643061656432656538333334613631
63643065383364393165393139663064336637386262623762626136636130656434366265656632
62636330643133393362666533643039316266326266336361613835653630616165346636376232
64366338393536616539383935383538343735623039383962323463653134646434343036323132
66656362376566386537663339636135353363313661333365323135343664613561353532346338
32613038663464396565306262626239343334366533333161386665316165383631393463376432
32323834623735346438336234663434376661613866363263366333343935626466623736663863
61393037396132646661306562303835313339336237643934333163343230333231613736323737
61623463343031313664626238336663323234363331666363613465373365646165363238333464
31393739666435316535643062336437616261353964633463346233326537653338336364636631
64356430653965303539393537396665306430333132383563623934626333623265326634303664
66623966646165326430633365646565636131303166313439633031383334616230656664656331
64323936643133373061396337633966386262646164333039646131336638336134333765313636
30636532353139386363386330303634376463623361383232653139323239363630613366386363
66623339323734363930353066656464623364333634303062663463373266653731343561323861
36313564653539363337623138393962326433336363636333646363643966303332393338346434
35353434646232333937353962653964313931613533633835333338343762323263666137393465
31653139323834663931336163303435366437353731396430663765633339616664663338303734
65323862663365336332306138393363343663336634303065623230623164306337366632326338
61376661653931643733636130633135663432303934356534663139343234613638356430633637
39646561323937653765346261636334373065643861326439356338646265323539383264636639
61346132353830353664366238346430643036363031343939626533373165303931656339303932
38316339333238303963633733663735633862623461653561616363663361363262633566643666
33343237623537373239323538356436326564333136643933396137363733313465383266646134
65666664626636663331616561303237323730353864636562316263306365393038666266353666
34396637313839373230666537373538656437393266386561386562383032396162636366343365
33653530373334356566623632386361373862313763396363356533383963353162366339636433
34313330613338343932373837353936636537666230326363313063346262666338356233626466
35626161323734303339643239336532646563303637353261323638373736353066333133626262
61633564333831646537393133333262326663653964343933643234653238366236656531346262
36636431616361393566383265346238393634346162353936343330363465653937356134303662
64626262376461646335383136393934373034323134343138666435323231393134386631376565
36306232353932646236376335386635343662333431353536616337313965363563303361316165
33353235643562633862323663393633663531333531326262656638373730336566333161306161
32626562633536653165393831623530333133333865646662353663343764333730663136376538
34303763373237393634383933616430376436656139386262663033313665326463383139343835
36313833636236363930653337373432316138656531613131633333656634306462643339326337
30366331636236353036386466623339663232356233363134383131376632643066316539633134
32663736393434336236643165666335323535636238646431626137643137353037333566303032
39343966306464663933336261333032643865303134636334363530623365383930343135323436
38353166363735323236646161613061623436613037313737383036343539633166373063633437
32376534303838626239356538366533613363316630653236343432653732343265346666653161
35626131363862623863363531643632343833326330653533373861663339326265373832363734
30663133343338646366633639376139333766353436663366616238663830353232653830313466
61333862383431636630313762373532373630613261663365636639323635616536373930313437
64663863383533663339373361393538643638633331393038633633386166326636653838303532
31356130346634636530303532646134633239613166326438383561623337623833613938393535
38306434623162373339366364646536346164313766646437346534626161616433313463643262
36623933646362363836643335646136383638323239343739396633636565663539656532376238
63326332366135623133613464663238313332346261666261343963373232313730303166663463
34326563616433623564386664616435363964636336353135313936353965343064323365653537
34336338346632333334636466616364353962303965363035353966373231663334343635323139
63336164373765393363633430333039663433656137626532303939333432323036613432386436
32656164643739626435313933633631623866376231336533383434336366343564343238376462
61386332353035653065653334366163313366663334346531333235643262383736366134666535
62613565646163393661633430386633343038333562353330616538386264326333366137313339
62323535663332626265396431356135383464623464646366393233613236366365333937333563
37616464373933313861343361366534373235313134333934623738396339646461326331636236
64333539626634653239373066306433336631656563396466316339323632613236633437366231
61626461643435646261373031346662343262316563323334396364363965326234363136623538
32316164356361383536616233356463363533633033643239363366343837333939633839303338
32323839303562326664666134366463643763666365376563303430313566396461613665613762
35303463643933613937633234626637626235346466303036343931306535336566383264313132
35653661316539663934656364336436303435383537636437656330393461653235366439646666
35616130613961393964373566393338303532333034313666643261373633613330303532343530
31633337366536323135343137643464393965356165376237613338663436656131663533343564
36626166396333356165363165346131626631643831323635313336653264353566333731653633
66316538306465313530663064356366393536353464383134336365333831333837636664613666
31646162356637343965346366383630313332663236616534623139383362373739383136346339
39356639366265616664663036656362333731613164333831633534316637653366343936383737
39653339343439343338616630623331326231346234343363373566393362333662353032323232
37643636376638646263316138386431393737366331646665366262306638643633303136653239
30306266373730396339643632613538656462336637303238303965373236323734656465623464
66303938626464666639316130303235616136373466663838386662303830636431383532643463
32373537633737653536313664353466633238316531356636616532616431396137303063663333
32663532316339373335313661333533646137626233343737396366623863383530393936336530
34323934623235643030616163346663373332396236353361343631643461336535346532326161
35373539303365373964326436383664383337616638333234646461663030663834326662373935
34633438383435376133666130653331343439333466643565656566646634396535656661333237
38373363363865666663616638666362646636663838656237313264313835306562623035643337
33316534376265326365616436616563376338336338613839353364316561356137643035313638
30643435366562353365613532643731616261643964393564366263363538363163383565363363
34383066663934633635363139333834393965626364373064346261316562383266666335303038
37656335613439653734353436643036326266333164366363386166663837646636666562653561
64353431326637646364633135613162613031643566323732373438396536343334386630636237
39356262316161613266626363313434316564623162363539656331316535316566363737383237
63333566383065383063643835366230626661636635386561643836343732343433656634633734
31376566323564633062666566343439313832366532613662353565383764383238346366633962
33323865656465376137653962356130353834616335303663333931656465626463646530346530
34616436666437363830353632393766386231313231316438633862326535353161313934343738
31303737316465626634393837356162613135386332366531396136373936626366323938303964
39643438316439366535386465643534363538356437613835326131633966656135336166356265
36363862666163663232636538626230613030386230333062396231323931623334643735376535
34666338366238393834333130393864303839393739616439303361303165333132636233643661
32396164363962363436643035346533643635353963636265396231343163613737383562613366
37396334643162646530623665613331393338336536656336316631306463313434376161323936
35356636616338343331353261626162653563396330646339303334366338636165316539363564
64646261613133616161383964306637353964663230316230353230373533636562353161643565
66376162633333346466613162643837313932663531376337643363316561393365623736326463
64643163363534326562316435646366343861383536303438373631306265366534396462653834
39353832643663383663646366663731623137666161323562366631383131623966643939626339
61663661646631623433393262633936393463613566656464366339646332303732313063666437
38383134666136366364323836643335326162323634353563316531393234663533376463656133
31303035383836613931343238396336656130636138346134653535343335393739376438313664
33316130356132383931633766396665653933653036313639333832623936363966666666323365
62613030333635346537383231303863393766383131663430613339373665333737663931633262
62303966656336363963653862303131363965653238393633303634623338643134393939353761
65633331346161393861333439313561356366323032363964306438643762313739383131313866
36613436613931616637326465623862326166346164306633363538393262333936663966326431
30333435393334346637366430363262346362623562613538313230373833623434316165353034
34393330366636373465393533666665646439346564303665616432666531373335353935613939
65343639376435306337363735356534643034306664646166323565396663343763663039373136
61613030303430653763653535646634636263626665313734373761643964366233376339366565
66663165346530613264366465393562336666373062373636613337336161626535666463613132
35396565643530323763386563326534623331346635393432643336343637393638343034653962
35326638333161626634663262323333316161656663613731383433363438343631653666633338
64396436336437653561316563306462306166353863643638663938646166656139346461353931
37633337613661323665666464303761633363383332353537353635643635393632343638373433
65363933373164626132303361623131396332633231313737376637396563333535656237313539
61336137323066323533363634306534653730303935666262336632366432643337373466336533
30373335336333306136373164323866303763343335363032383132363332303964616531356535
63633761636234353433383634346561613964633965363138616133313862633363356236393962
61656132363731326164613430656462336535666663633939666465353432643536623935646461
33393032646135386339353033343264393637376236323437643237303836343336303431363764
34306333393333393338653864666539306638633565313839623534343937356432616636303230
31353936393964363764353362343335626531353066323566366137616231656161306139643839
39343466306634303963623232376337633739333766616130333061366538613666333562626132
35393562303830386538313465336336363331636161613939333862353363626530303532336332
34626361333038336639633062333638383430366662663434653662316361323534393061623330
30316664303939656136353038343139316531663863643532356335616432346334336337613463
62643233373634323338666666306666313734303338636564623765623362326565333837613863
38313066666136643632336566613138666262653437323530323563376239633230663739613861
33636365363163646233353462326531626262663664653838363132656631633464643663393336
63376232663762393333663536333431343235383062326362306163303932303264323364353861
38366438663462636165303661653138653564383866356331303161663462356538636164363761
36343861343836633630613334326636666532343232623836366236343764303234336337343131
34393666636637303637366437623939326436613037626232366134353761373434633162383265
61393030353264643236626162316637376237356330376163353338336632336336306563613066
36343732393231333165633337346531633434363164333231373965613661653363313961303739
62356162346534333066613839373565663331333963616632333638373263393164633632356166
36396639643635386461343263306266336431613939343864353261653236383836393064666637
63383464613664366263386338393166346133633964366138396335613330626562633238386163
36316332383133616337373165303030653334626532666635306137383433303339343965366533
62666462363637623436303265653033316437623634336362663837376634316338346235373232
66656466393930313462646231336664303636636130333336663737666437316366613731356265
64396363393733343336613438353361626134636161653263363763663533336230313966373634
66623630646535323037303663636164386536303634643138616365316664393739663539663663
63663533373463386437323932383836613564623935356530353965616365666538616231613731
30653039616361393638346131653836386235663661613064303334376235636363616530363930
65353434303432323335616535376131366263346439353631363262353138323435386365346333
61623463656266383365623662393139333339303764383831366436656565613334613963303737
32646666396265633363316133323863346263366161323662313134386638363736366433396266
35326635303664343635353138623462656135353638656461323062303035313566653862633730
30376661343538623630633130383661396234323936633163363634646466343230623030653531
66303331626535313430663232333664353765386235313039653561653534626437353162346461
65396131613233376337333930363966373635393535613237373762303762646364333733393765
38356134323863666661643536663332343364376131376664623762656461663939386337386637
33396362346332643039643435313933313835366365363862306266383335396230616365356263
32333164616133666437663132306638663561626639313331663465396238393832623566373030
66356461626433376235633833313662646237616439396233313335643166393663383836633363
34396136666662306563383337326232363638363930656231363361346266323237326163373434
37346362366461383565336532333933643133346634323736336434633636363764373266633763
36666166333236326165663239653734636631653333303561643231376266636439303030396364
36346432646662336437373039323231346136323231383565326662656564366431343236393134
66383335383339383135383265383034303035646164393534653831326166316636653538363238
6532363336326339613434623032613830363136313863653530
