$ANSIBLE_VAULT;1.1;AES256
34313762373864323736376430613631383539316133623866313939363531626532376337656533
6361653565333866303937663261396431316237333863370a306663633162663236366235313939
63386431346535343739366564383661366562626430633061303134323335303531353831323634
3535396664306132380a373931303338623266306539396130396331303639353038383335313431
36663761356633316664646265393436623337306638663565613566303232326639333133353765
36656563323636333761656634313563336366346466653232353139326135643430663538353430
64633661306366386165373832353833343035336231616638643332616131363834643533616638
61356366386336353437393136336238613333663435613431343666333938366331653337326263
35633962376663633866623935353666656338653063653131346136333231626537636230653265
30353364363934303332333964336537303235386363383066626634666239373262663962626165
38646136336166623038633064343963623936663765616234363164323664616364633865356231
30313930663732633337656539323066333566323231626265386433643466326636633231373561
66613138316536613461366336306437616634336464396637623061663262333130366464313238
31396666383065613365353834333862643161656334613066366163336331333631373539643737
39333438303339323462306539393262616639633266626265393866626533633734316233336135
61336132373963333431653063653562636565626237643233383836353439613263666361313062
36343836303231313535336239343161633736306132653836396365633237313935393730656430
61393461326562643762316662306233393539633862636361333836356166313262306135386430
64343730383764386634303837646235646264613637336134336365393661643930623234333434
39376337343365306338353939623731353063363562386335313237623062626462633934376465
36363563363137373165613136363662383664363366306234306630343434346462373137616535
31653061383164383234613432313134393638313130303863663639616231613864636638376331
39353533366134666331646162323639343739383131666161306665313362646133613264616362
36313263303831666135623062396236653466366663386266393934303330313739623864633161
30356263613362376161623435373434653833336532396536616432346638613462623065303839
31373133663531373330353564346463386361623630393439333830623163396662363833663464
35383931636231323135363337323734636530333139353037393735663831333565316661383961
32306261316230313232663732326663666636333865343934353231393932306230663237373963
62386463336361303132663032333433313166393366316336626532646630653937373161393933
35393638643132636365386634633838626535613665636332636261333631336535333861366565
32623462636330646662613136323638303363376638333934313034313863393338313339323732
39616339333264386136656637396532346133386538616133653034393437353736356261376336
34363539623236343533316533323030396336363235356639393065376263346366393262353438
38343330313333653231313261616334396438636464323965313466633431316561376331303830
35623661623739643232666137336435313664626361656531353734616537613563376362333561
39663036386437636665616233653536643562666330343561343464636633383262393932623334
31646562386361353835303939663034363237303163383966326635633762623462313762316666
66393832383237633231376366383034303836633566366236636564396364346161326538623130
63646232616561373133396132363532353734363337363966313233326631393465323231346632
38386163386136656334646362336463396330363665666365613737353836343164623833613630
64336431353365663632313631653135353939383064393332316236343365343832633064356530
38353538623931663838336134383635313033626562343135343433616430613135613436356336
33666638326365316266396436303566376236633430353031653064353164333634353735333936
65353865313962626566363632613631333931393666326435363338653533373035326637383239
62646231303531343437643839653438303032313564363132616435323666323662343166343766
66663838376461626231646331666338663838623235663066656263623165353735333631323765
35613861376663383661633963393435333936646661353634343833336435626165616337306238
65653061366266356334633565613932636530656332633235366363333338333037336532386439
38643030643466623337616635306338306161353561336434386636326261616230613132356162
32383839326161656335626164323634636439396230386332333339363939396130646230653130
36373061363537663139363238343833356361336330653630363065643162663936353433613232
32643661323638333463616266333062306238316639306338373733383238333030393036656531
33366630306664626565336335663139636137653430636436643964353536393736333766313333
35316238326237356465326235363662383130323739623262366331323166396564373935343232
30653830616364643866306133356566643566633030646535393635636339363138313665306133
61306264643333323039626236666634633165313933323966613333353066636336613263633733
35383930666165343963636239663837663630383136643233323933303364343266383337316131
63633237393465393239346432646465376337353636393765306363323138336466306133373466
65626430303264613163333061303033353136656266383438633262626431306566666135313061
39306430323231613362323064323762396137303536393938636335323161303763343931643161
62313736313434663662653231626538623162373436356365613338383038356635373835643439
37326334633832306561356632373130623162366631373631633739626335666666303737636238
353634373065373765663665646434326536
