$ANSIBLE_VAULT;1.1;AES256
33633762626230323737303161333362373362663930643065623566636564353831666235393234
6561643564333632333462336339303663303634323431310a373237353137363163616566313433
34313461363961336661643632396239633330666565656236646338666630656261643366346465
6364333438636461370a653734613836613537653933386661636365323638613838633463623032
37313539303731653932386562363631393766383137383265373031323562376461323533393635
66656137343166643937376162383664633563356336613932383835383030363830343634313764
31643230353635393731646539383262333066666366636563393565386331613937646532656366
34343063663931363266353539353232306636313939383466333562643139653736356263653235
62383363623238373461613232313832613761623262366361653064303033313036383333316235
30373262306366366535393065656136336661663230346530623534626366666235623330356565
36636663636330326436663634643833323166343265306161306639353738346165373163386638
61353931613161613135323032646665336337363366643666656631363037386266396531643737
39326166356465656233353239636362623138353564613631323563643664386663393965333237
61623239613939306435666264373933306162396639396466373264306334633161346635313162
65626331313966363566636532363731636365396436313065313161383865666538666437633236
33313362363930333561656634633035376430343461616365346237383365623230633833356664
61393337626563616161313666663432666566663632623961616433666432643838376331623831
31356362373530343337393535336538336366666465396238313963323038323539363430666439
38623966663363393466383531636633643662653933623863663964616535626235306238613664
34303363626330346264666130613337303737363666386332376431363061666663396563326563
32656636326363636461346530646230616562633034633866356235653365333231373164306632
38666565616261633566646163313639663135663536393639653466306634353230383061333930
63393533623634323465326161356138303337333961646238653662666431613663306561623033
33326233633935663238353239663763393366363439336531303438653538646430353433656466
39633436633662613137343634323661613936636436373837626336323030646233663462353965
33353763326136303738306364623338313662336130353936363033656262626530616163633462
63666633626135613937326437333335316366626465396464636238353864363961373238656331
62636433313132343363626535383830626438396437326566633034623066376261623062356335
30666339336136663832623635653666376265643265616165333462353632393438373165356661
63323365353836356363663631616137656562373764376536316533373836393435393463383066
63633434336535656636656563383737326265626165336331373538363431373966393835336330
61316264613139353138646637653739343264386236343037333630363236346537356534613033
33653331366230306132353162333863343131323532656163356166666132393564303236663834
65373035363763393031396631376638333630333331336662653434366366393362393131316131
39633533373635373937633639303763353266643865356634393761333430333062393038306530
63346464376132643364613966323765396165653462313339626162333633306366306631633964
63363265653337373630396562616261326664373465363131346464313838616332613738303130
35333030346438333430366331383765393135656239313533393266643565646165353261623733
35363238626566346633303631333530373466346165353334643538356362626336636538646466
30323731626337373961656337643836653566346333393235343565333337613061346431323337
33313435633735386161663863373238633239373839636266343563383562613736363439613136
65373162633662623738383530653464396361633464616464316464636335336262383438316532
31653461383938326633656263663666653439306364363163373630633934343263303737643138
61666236336333353131623366616133343331663034363365303632326362656235386434383537
62383534623038613131333235336335636336306663313433343734363964663965393161323165
39383134663962616335613465656439613234643532306130356162663834666535633763616338
66323061623432663135646463353631383430316530633235353233306636643265363337346364
36666533346538623939373734633231343162326266636435646335343533313336313761646139
38643738633230356265396635643461396435313730396632373130613365646639663432373662
62363137613466636431353361396533633364326535646333656136343635313962353832613435
63613436336334633737346462663865383662653233663235666562363338653162653032366162
30356661646164666537356363653032313430376563346539316130623831356130656631666132
37386462626561333761303438366438636564393439303937656161346263633230333962353962
36306561363333326433343939663730373938353434333032366235646464333539656333643632
63613064666436666637623933333766653536666633366633666338376139666438366266653964
33643835613832333831366331386431633066646235363764303031366134663061363161323766
31636239336230323837623732656336663663386532343662626635356333336533306132376135
37653766323630336561366336613933396135323136313034613238653634616365316262623166
61353030303163393632353438346538653634663139326433366663346338386363636233303830
34326435396565313166636462626465353831613965653263646639643839306132613537626461
31363131336364343062643161323462636466333534333239613564363831323561366134323566
32643132393832333063646264616231313338303139633263356532663336393737353035353234
31626133383763373038343131386565316461643931643333303866356161646530393231383832
39653232306130656665343365393765636137363731326138663666313335613734656336373533
38393134343339353630336236636366363738386232643565643361363830643833383531663632
65343365333730353138393331393435356436356539313530373537326362656635396461346231
31303063303861656362653563383730303538363535373862636638356661373264356562303334
63613738313232666330353132383736643164353337353864623833326234363639356532323631
35626430643635393235333935623039363939613936303832383338303365653466633761393162
37306362613732303864366564303864346533643264613330383834396463633761353461303234
38346162316537353461383435373461613630633762643539366132396130363135393234623465
37373231353133663634663666373561306534613464313830356265386439346435633134643965
33356630356534316435626530303436316131666366616136623831613866376530366164363930
32333933633832613261373662363563613566643062313032633263383762663430316433343331
36623062333264333933373237383235633766663434353464303930353534656565633265343030
31626430363837623339613234396464623833373732386633363565373930343034613763646565
61373265633365326661386434333535363138373335313734306562383762326237373932306431
38653863303332666534336366646561666237656436353963656132366362633762386266336666
31656631343930636130623861373562356239316263376466656663313965376463663038386237
32313064616665303831303339343639383631356162333665336435363333646238393631333431
33353336386162613166303932613638373432323836343961663062666662393636366562303131
32656234613634326633333938323534313030323438636238333061643061343830376435366639
35383632383437323462613831306437623362636639363564383862663163363365623231663461
30323935376239623066376339643034383661666237633335353162613231636239366430336564
34396230653035616264636638626330336262333466353765626437633939306630393363326636
61366131386130326335363862346631343062633437666662303363376635316561656661646163
38663162656130363733366237303338313063393933363439303939663863343539613332366232
66393835383566383337346631613436333764623335333635373761366532326565633561303764
39383333663666373338666230646136343634373436303632356133323934303761343334613266
65633737333930326565336439656537373638396463393065376536396463303866383764343263
38373030666434663934653739393835383638373731346631623737643164616364633239396666
38373062663239633637313632623134343535306263643963373135393564373434383937306136
30383561646236323932653836303034343039313338633637393765366464643233623064313436
33653162326139643464613566343866333638373438373835313664363734653437383161663236
31623531326539643231353137323938666439353536306539623363313234306231343731336361
36653165316361633330306236383162373534363433633036393965623165353330326666633638
35626237363937626538343236363934643066646432633735323062303433313431373731396234
36393039313234366331363661666432386136353934613461656463643238306236616263353231
38353564366230306531376231383536646131313534396134613863326331343734343134323137
61366539316230333566396233656332326464326133613861326163663861396137613234353062
37616264383938313831393035363466656633356239663831646536326463666332663864363061
61383737336535663832623362396437623161303734643639373632313039356130353635386265
33636239656632653039396437623763633637303434343761363965343432393130386462343534
62346465363037303266376361386139623066323635303363623662656263346433633838326135
39643261666163316563373165326538633261623437343030613331653631346336336334616664
35333331323536376466643138376162346633613161313830623761633365663338643633663266
33373037656635323134636335396664666636326338383466303037656238383137653165626364
65313062363534343738326634323739383161343461613636353637636433666261386665386563
35633533303133666436343632636335306532623062643833303436316631626236653866306466
63613736663332396366653538303438313534393336323962346137623864386435316137356535
62363134363333376333663639623835616239373065343934343433386532353538396162303232
39313434366138636265663139313066366564636634313433636666643131333665316336316266
31346264363631396439393736396230333263396631616538633634653164303762643130333061
62333061613863393334363934383362633239393263323464323561643537333237346239343134
31373236383361663364653039336431306366316530656236613232666435653134616639303830
64323866643564333166383566313438623464636337623239313162653433303238383766616231
37633230313239646534653165306238636362393736383130393333346533346137383433613836
63656137626234663434353732343761306430333166313233393133313766653662336436363662
62313636663031623436633130326339386333313666383164643562363435366434343762396636
35636166646138626363636265653735643635623864633131633638393563306333343932346330
61656562666135313436373264623634666365326432313362643565643464353961643163386538
63636466623637616531633636323466386438383934363966386663333162623438623562313734
63666337376636666432356434306239313834666638623632633138316333623434323137383639
35313532663036306463393333623762643535363930633632393239666262663630343164646336
37636330633436656363373838326434356339366361643565633039353965393734363531383064
35343334346262333865633532343361383363353837343438306166376638663338323133646665
35356339333131366231646638376366366638373865303761653739316434643133646231643934
36323230316566306566653965373731633265306532326539636364646562613436323863313262
65363263383364613431323563313737376665653363613634303065616339666239396532323262
31343637613139383164643339316461306633323433346662343663656566666564653164623563
39663739623861376638353635303639613936633166323164653161613963666135346564663466
65663432323639653738336139643363313135373236303461323335313762633966383635616233
33346335386366313935623833363630653537333164366132633539343931623233356361633862
36356135323763636464333264313461663961623162333564663431636265653339313562363538
36666439353836313061623330343134383237303366303064346533336134623332366134323262
39313939336162383365663031653036386431366437623033343364343462303938613264303539
33613661396534376237636633666533623762336538653965396632313734613761646535303966
37386439663864313962663166663632323163323831346435646466386437383930613833633533
31346161313962366539346462373361373231646433636466326264623232633136633961356133
36306138663137346136313936653138653139616639353165653433623532326239616632323337
33663866336136396537663230386234633131343734363233326566336639343537386132666662
39323935313930383531343630363161626533383138393664316235393331316565396635393561
33616130656633336564666535363730393835356134383864616662353034623432303432616463
66316134633930623764323030303763313539373631376663356335393162613730633333656633
35643565353833306564346566336264386561363336373235323631323030333663646464396265
38653536366161646135643562633339663834353632623836383434333730666636303936626364
32383131653335613933326535373432373835383933646334303735353964393230633938613231
35396439653730386161646533353661306134343563336561363235656235343330636461376236
65343636383736643865376232393537373565313463336138386362333166393230366633383663
35613263353834373631306136396266633635333563323738613861376166616432313664313032
62346262353234636239366361623431653838313761356665616130346335636362393934363832
31636431393263383764386631636539323261663530643539663338646331303266313135313334
35396138626563393632383664356538656465303334396666393464323134306561633761393165
61613830383766353436303432653165386230326539336437393363646430383365636462663237
38343333383933323963343838343131663434306235383838383638666334373539643731343430
66313037303431383236663530313564366362386237356161363235396130313035313663646663
65383164326634636435626239323439313365363065373464393338656366323063316531643233
61633432306434663761623038333739653932383535646633396466346435343361333864666139
30636637356239643836316539306661643935386538373065643234383832613539353335626665
63393833656639323362396363356562336637653333303839336237633765653665373866613265
64333330326266363636626364616137626533663163613833613662356439663664363030616163
61363734643062656538336365616561316462363561616131366365383535663639643336663639
326463653732646535333236353330656132
