$ANSIBLE_VAULT;1.1;AES256
32323039393262626361653433313331353862633830306236313961343665653037623037313230
6463313731373839666433373733366136373564383561340a363334643465323765626461613539
33366532613761333866636164353262306463346563326639353839356136326332373330646131
3861366534313762340a363463656532626330303538616435383463636665316361616262316234
65376134346362303637663831396335383263653939623263663330373136393134366166393632
35663933626135323336326236333833356134353333636531636262343762343462303038333064
63376134663337383839326337366131656537313333383134383133666334653963653564353065
37333764393538623932646661333232383530333439356562656366393634363335346665643831
65643937653734383938356639333636663432316637646432376361623431306361613765656130
63323235366535666235666363313061343937373361326432656232303334653039336263666337
38383732343838653835333566353231386236353037613032343231613163306565663538323335
32353561336130663933363139623630626634393165383238346435393661626233613835346264
39356162636633666238646461626335343564636137313834316337626161333237326136636232
38353363343434643563643039336234623838343963613635653061313130346636643566333661
66343865633664396663623463353334616532376633303131353639316666623535393766626663
31326537343564373162623437636664306437643037306530626265313530356463346532633032
62306139623032613666646462373065646239343235613737313163386434313965343739343935
66353039306362336530636634336262613564653539616634666631626238626163363033623536
38333162646439316535393762396139336163623031326662303966383739353363356165646361
63383061346563386665643435316261616330633036356337316232666630633533373466313663
39373361306664333730376163383332326238313433656566626639323139396632303462376133
31383532303137643538663562383132346133343731343235656231376235613135316236653235
39353530623433376361656435656636353236653362613734643861636237633262373230666137
63666336656166366534303365326333303837396239633137303339626634633038353631386637
64666539316335393732396233643232376537303735643562303234313963333439653031333065
61656336316438353962643133643537366330383131653935616164383236346535313236356235
33613232366230613863333239326564383065323362346261333265306464316338373936313063
61613137616336653564626265316538653163306364353064633736306431656535306239326162
31363663386562616536626639356234366234363866633237316265336161353538313331333639
61643838333437346232303363313736326263373463613734333838366666393835373833636564
36386235663433623531363239663731303465373264376665346665303661316431663732646133
31656632373063373433356431613662393534376132643966373261326638373930663233303563
65383965336538373161353765386161643330633337343466636639373935393161343030306436
36363862633065316663376635313931303035323465336663323439643734663539343434373462
32633338336436346465366439613132633139386465393833646466386337323539353838653762
30363364313437623833306164386138313462303165323062623139646639336263313163393232
30353461653565346562646135303165633235386532373761626139396535666266636531323836
38623061643262303330343863323635323137366430636661356138363064306335303464636334
62326262656639383638393261623536386235393162653933373033333034613337316339636231
30656433316563373531333263396638633963626231326632303836653031363230313662656536
65373466316461323932653363393833613933383162366365623334616361373866653266613937
39653234373131623736643763653161383039346537646138363731383836626335383038623731
36373062333263343335336666363935646339646262633065346134343331636535303938356637
38666562343530326130616433623966653965626434323365653334346639643735316139383431
37313438306135663039616261663939323438626237383134663161306239633034383439663334
66386339396532333739616663656561393237646636313461343535336232666538383532316138
37636431386235663366333165396563393961666532373537376163383761613763353235376536
65316631663539663431643436343466356365303238366435313836613832613562356362356435
36353162656334323339303764356333316465343661653432396437616566613166333463363530
66373762346638393763663337333364383336656263333637343432613761323865666465353432
35623034343635653561363636623161653032316337336233383364316539613537313637636563
65333134643034313761383530336233383834666436343066336137633234373966653434653830
37616339373264396565623464393062356636636662653737363066633735363939613933353230
30393533653532393562376638653130336366643438353134383161393038313762663463396433
63313034353430323531393734626133373435346436383336633939323732613633623265616261
30626139363434663566643562386338376564653330613732343363396464343663666361313630
63313030386537326233326664346139346631353064326538313434343364323838663466323731
65636132343338646663616161366635383963393233383631396135353166383537333031323164
30373865356238313337643039383630626662343566623239306133623165303639323738646436
33633632356335653932303132386664333164656261383538313262313166386433323462666132
65623139353930613933326334323833333731363139626331653332376461343262643661663463
63356531633861373138616232653366306461633836313161323239363636653134333032316162
36663130656463626366653662663464333330323763353365313164333236393331326237303531
35336238666132626234663565633563303738613461643361343339653134656361306464383734
61616362636530323761393265376432613934396533373065383336363166393966393465396337
37613831386439646561393462383830326462343861643437636338313963303333323936303463
64333430303163666231616666666632613934613664396364613330656662336234393638313635
31336665616463626333613738663965333739343265393566636537663165396661666533336166
35653033636162393562376633396232343765633665636538393431616339646163616135613163
31636334383432366338623139623834346138353361393566373432333932616232376131323539
31333361383565613839356233653730373435333031373062616366333330343233633133386432
37373033353965353036333862643132656161313730333230303237313437306437336665393134
30623964653563336332336538316637353231386561666264346664353831656634356137623233
61663466383335656233633331313230303435393866646365336432643934643539646136336666
34633762343465313466623733613665336466396366316232653639313438656161393135333138
35333635613038646166353535303864303866323633356363383432346566376133626537313530
65303436373737356638376632336136616261323633336533646431303234366534333465653234
61353533353233373962366338636134613238333633633535616662623634653066373061393438
33313935323338623264613531643938386265316337656561366364616461623464363730613134
37393439396565616566646635353363623337373462396633666234646433353137393965643761
33346636633565666434303637383331373261333539633763653666663633313432653465376532
35626632333839376434353031336566636663393931373831663938656131373039316134333334
37613561623631393537343337656161326361363464346564306438326432393838323933386563
30393834663465343066646135613964313532363161363338316563666264663138323538323935
37663561396332626137323434383230626330323338353733303661333431393138
