$ANSIBLE_VAULT;1.1;AES256
64326239663866323336323431346130346630643431383864623864626161313533633333643664
3264386339383933383437653536666332623764643839320a663030383064343234316231376630
64333063656666373363343766653130613939623465613862326563613632653334373261313237
6465633737643030660a663662303330326365313638366531363965666134353532303064336436
39623337313233666563613562636364643935343031386530343164373530383239613832393631
61646137363634376165383166356332373266356139666330313762663834313964333766626464
61363438666539356134336264353866383364336165396434336661303864656161623663393334
36373961646164643661333235306330336239643365663637363136396533643333643865333062
31393062633265623739373938306161326536616133333133313963623938336233323037653964
30356164653137376532383032663534396236336534353163373564343739633633643733333130
63656363393436633336343761313930313231646631636261333030363661383066383136316461
35376364636161626136643265613435396131626532333738326265363436633235353337363063
33653338623737336362326266663439656465353863323464643331346461306238343363613633
66663063643964303766376237376133383766633061303166616565393936323534323565336432
32643162303262373063633363363365343733653362663839616261636365373737313337373735
36313139373938666337386164643734373338343264303666326461653265626463353166613933
32316265303863393336316362346638373035616231333464633361613530386264313361313361
65653334393734363563363535313132356666646332396462333566353866326166663535356664
32393064626233353965663331343432313338313964613565643964346438336366653931313836
39363638333838313338363863336134373162313961353133303535663336366436633439626366
64626564333035326132353434636537316662343633653234396130646631333462653532653862
32316338353964326263646333626536313561393963393935313164343732343562623465373032
30386634316435396665393930633731613237333666376433383664306261656662373539383939
34653430333032346165613733373638363238353731333330356435356139613062626435353466
65343030613533346535303139393830646335376361343863323164343039663639396663313364
62356162303833653833326238306662343866393764363062313332633762616664616232663137
61366131636336316534666366633136326664663636633161623534376466666261373963643865
38653263353261623933363464666361613863646561663437626266636665373132636165343266
33643062656663396531626237363431363539656330316639343534653263393339663335326234
31646563306135393438616536333962646131383535353539346634353736656438356439653430
38326162656631643266303735323764636234633637663735313137613861636539343832646432
34613639366335396634316132616536616465323231376233353136613435653861353361623063
63663765313234383366663264623331353036653534336439393364653062663934373366333632
34386331313962323263643832613436333032363630613933613734666335636135643764303335
65393936363737323031666564373263306436663661396564653234653232633037623762633663
31386239373962626336393332653666323234306635643464646233316236623835653436333332
37356164376436376466383561646164326264376337626361343466613662623964656138336561
33656237303537646130383430623430346432333865303138636337363466656533306164343131
63643763316232643130623339613861633137396236363738363931313230363665653361393962
32303166636164336538386664366231346532343965663963343662313835313861333863306366
37343864633039316464363339333030326335323035356462613162326564666334303131353039
36383434306164343932376133356661643136653265333730386632353336383265336265326662
65303061326137616330313362353262633732336632336635313235623032333735643663356465
39353563643537666335663431373465333437316564643932616262633066646165313439343365
33313830613135336661303432356338323238303739613435613030633866383765313836333566
39313839623532623663616232643763373361303565363637373339373763363763636362383361
66663931363564386361656565346637343333386538383739656534383236646561396633313336
39653361303735383630646166313638303239383431656166653533376634316530306330383934
35343330353361626539346163663233623664653961623364666265396535616563383532303263
36376565316462633132373433623963316134623637623461636562623364356566356161643734
30663539623532393564303236353731663534326530316230313565343535353036333561633764
38643332323637613331333433636564323731373230353861313264653631356462656637326635
32363965636336306238643832306234613238643362353137343033633761323931383161663339
62616130333132386434316239633863633032346162646437303031663636373463613064313637
30613364623136636637333631306331643462663931393537643665366161326461353235353637
62373563373266626534386262336165376138363736326666666664303737623761643832386338
34616366663639366231323530313561383362303532613930333639653764376535313131383562
64323237363136366561393238616134653038356335303639323731643931353135613462663933
64636535393939303038303661366637373232613734303161643231643438356433373434353731
34663063323032643563316364323132366361376535353963333066653863623765623433343565
36666437343232343033313731323430646130626162383263383434346262386465383965633738
34613836636335653962653631333234313338303535336565653763383366316134376136383865
30303237643934663361656537356663316161366137343965333232636138643532366533373663
37373133306466663033353836336534373837626537363935393361383738643063353033663131
34613734653236663933646130373637333261613334336634653732633733653063353339646633
31663538373936386439333531353161663837326234393939353561316232656262306635343831
64336434633834336134303936636631393561313733363763393534656166376663626536323237
63623065386164306631663833656239383834383531386364613237346339323265303334636266
33323339313463663335383866653636373463616136326639366433626232633365616537373865
62376236656532333166613563393961343631376433396238326233636663373761393563313935
61346265623333653562383636633934346263653966376237323931353861656334353531303363
62396133633738616136653035366635643562393838313233303138353533323433383635616661
36633835333866313838353730666137383038316561363137313534313139393535646331656462
63343765313663623837616563323835316363316631663362363634376664323531396539336236
36316364663862386239393864646232396336386663636430636365316231663766616539363032
34383464666663616663353962346633623639633564623962363366386366396236393462363861
38386231666538633939323161306230633035393933613332363166343833663661653935643439
37616164663839626662396265386464303138373231316335346237376231656230643135383939
31333964623433336532383435373230346133383664316538393866613764653563353533323036
35663336633037323564313364653031353335633466623332336666656334326534306435386130
63646234616466646330643761613230646130376136623131613561666539333237353863303266
64666535316135633463343835343933383863626134633537363333353961353636363535366637
30633162393735326134383264666631303564623730346466356631326631316639386461336564
32623831393064616662646635623663356365643566663732323566336631343537393663316666
64343135306536646437346431373862613839633534346636633061333631333334366464393336
62393661633964623466643037336631393465616161373338373733373963653265353361636536
32313466313262313638313333373934333439326530373662623838326466616365313662343236
32666565633536306437323335643231326561363635383939346233653431336436376239333737
61663333323463346433613733306233333334626130323038363135346364616262356636346364
61663037633763383562313530326639616530643662356262353962396161613138336363663964
31653234323330336331626162356136353636646538343136346166363839323330643238633136
38613737623634383736353834306564663761643836356136366462393661633035633464336266
32663064613665363534653761656130643532336637383039643637393435653066373666616130
30313431643437323462333533636366323436656635343130313330326539613336623636626437
35613338356537376134396638366430333639366466613133333562663635326435396534336433
66616262363163376161653135363436633863343638663236393361336362393266663738366561
62653261383233383038663433393238656264313939396530386231616436306566366161653865
63643236643037386434613033333562613138626632636232346666306530623064303631633330
62353631396266666666636666666262656237316666626133383335633236323936326563336533
31333863303531373461373133383337393333366162366337356164326334343435376136656336
35346230333231623339336133633536376433346132313938663932643262313032643838636330
36623338626438326166366662303066366266366562323034306562376263306639306138326664
38346537343736303065333239316564323739646230613838643566643066643132633131343938
36663763326563626436626434383266616135343962303935643538333263366133633964376338
39396336323961343435313232383265666539633634666238316331376466356639303464636639
65616666373337383761356561353736613030396564346239643536626135623135376439323165
35666563393261343932323133393963326164373030636438663635643033626130623862363139
61616662386166346465383132326531343434316334643061323034666563373138333364616465
35373162313735313965613161656438353764386534353939383939306361393934366161353336
37353432663532626230633365333931336238623064343338393463643563613333313039396639
38366239373765623634396434386235303333623636376264666664363030306239316633646235
63643062343864393964396661373066663337633134663331316436363530633636666365376430
38386261646330383461393135373836623432316131326435393266366438663061336535613038
63643061303736656539393133303162643264393336333538313030646161326166346562643231
34356164396437623937313961383937366366356139666330666134306236303165376230363266
33663165346233373762376664393835313838303231393161303535323766646536303034376138
64373965633961346630633264323863653335636639353239393033343635666534363335373631
62303636376638666536333432356530323931373639633639636332373463616238663962663266
62646665343665336630653139643561653132653039393430306234393865343866616365616234
64353562313435363137366338383365343366396462346633353233393664363233393938646262
63613736343863633431383564343936663961393065376666323230373964303363623536656438
34633061393132333363306236303563643630613739316162363831646366646137373539363235
30653039356562643939326266323464313830383265363965653561326337316633383433376631
37303435663534303133326431363438353563303161356261653136313135663832383731353034
39613434376461313566643933313136373936306161346430636231393033663065366134626166
61353262306135616262646334636665643038373565376163643338656537373736306138323834
37376336363832663635653231343435356433396265366536623962396430386533656439373637
31633630323731646139373030353232636161346465643733336137356138376466333762343763
63313962643134376663616237633638343739313364653936356431363135613837653963383637
39376165363338353361666333353735326638383063356262303363376364333831623165623865
30633533363437623764376438336633626566653864326261313563396139376139663364666561
34356234326633336131303064353235623830646335386531613166393536353234356363386534
61303437653062303633323763353263333030303738376331333866366463633239316237616465
63633461346239626335663831613330343831373134343536633330343131663333383230343637
61326461336563323732646563333834663763623130346661323131396435323432653933616539
39663165333138643032323965616536323532643739346561363163323463356362303931643163
33623066356230393664333363366237333832623537633465633536643361363130383437383162
35633862326262303163393665656233316433366263386635643630653266616234666664353735
61396366353965396531333761373838366430303131346233383133303532643836393238613036
38613036306632376462303033666462336437383335376166373431663563303033663430386364
32623437303365613133356630383662613232636166646636613330396533643434396435393239
39373763653132643836303962306266636236343836363764393433663032353733316162666336
36623465333334333563643631613863623761623864653536313531306436613234613230663136
30376535663934393139613562666365376435306363353530343134306162393235616535653035
63333931303862393633656462333532303337666638363161653736653162653639353337653137
32656335303564353434373663313739663037626166376562376431366261313361663235383038
36313336373137363334663138316262663039646561613532656238313035353734613834386238
31626364323764376366336235633564613036643932323865616638663965666431316439386263
64353934613537613762363535343138623865623230626365356166643339633435393730323333
38313635323434613365376331646239336265353836363963326634333335363732326464373637
30356638336537316363653663356231363731656161383033653863326563336330326464363565
32383165613961323364643665626237303130646232383236653365353832353932663931383937
62666264633339363335366231303534313535363639346539303136633165396533363439343062
34643134326239316136303336383062613232393837643266633339333061393639623263306564
32643532616162393363363632393661643465366264373236303831656131363538356665653861
35633133353263633138306362366639306533383161346132333664313636353163646562366335
38643637653336643062376436393730356336396237633037623466346431353635393331666334
31613764306632623638323038616263656361663561613034653564363463303161356464313064
39616639303935653834656132613734333838613531643962306433396563653161656435363132
39326636313338353130313533343139643531616635316135383036393135323161633061393538
31633636386564376562663037323462663239616231386630333536303264366265326533316530
61616563356465333730613733616433653065383932643363346565333365373061653931313435
39643530306130616534323232663464363862663264383132653730363663343139303839643961
30646539613630363238353935666566666235623830333331613830373563326336646237643637
32633365633163626530313734366362353135323561373532386132363734623034663565343530
30633736346264363163366163663033656438383635306532303035626461353635633830323864
32383961663363633636306564303730313137323334353133613234613331653337343564666136
66623965336264336438313363393766313163633432373639626264306330326230636337326238
35373239643139336439303166616334666434383435663731653563343630616339346365376163
62633437643539393861383332633461373461306264653530636236633339646136373130393233
37633136666665303137653137346137303431663834626661333936353137323863333939346663
35306462653261396430643562613933643163353038616265303964346132613131306261623631
65396636323938363865343639323766336532643232636664386138333639633038326562343931
38633161346431623737666334396262323531666137386637376565313737653363356235323035
62333730393933643462373038663035333639343364666563326234346563346137616130666463
33643139643835356630366466653538383162313037346162346531383239376339376361373637
64313133333435333839636166663662343936373662326562393531383736333564386235343465
34623764376266343161313864663637386637373961353862643764333365343562623565333932
34353335313761323363643133623231623065613762633734396137346464363938656365616162
64633638643133363831613361303738373062663035636534626366353330653232633139623463
33643439313765373137396335356537643734666465666234613939626564666132336138326136
31623466386365343263356465646336353136333330383264653633633834356531646366353437
65313838316135366265663036666363386336373935383434326230616233353736343239653636
31613239653331313139346562333631366463343131636361666538393463303538303835653039
30663733326663353935613763346132356164323036646536386639353138636366303865616363
39306230396534343161303032323664376133363132616165653830333365636132336532303562
35613636303264613665616439356339386338646231626465343335313963643864623466333335
61613431666366643335626632653134396137303863643337306636386365366334666637663035
30383630616464623864636633363661643466386533666163303366336134633538626234613661
64393030303466653437613365323465623164666434353137373361373263396366666361316564
35396266623935353630363437336230643835343433356531386639303366306264663132386465
34633537656335656336336333333535653734393031306561313439386230343365626634353166
32376231353836343765373065346635353432646334633330636531363932636566633733656539
62633562353239396461633038313461326565396633303835646236383566336638663962373139
38373764366331353638656465356435636564313066366262653438313439316531306233333162
39333431383265303437646633613366353733393432303136303838303732363739373431393163
36356136643965613761396438643065373833316336643465366638373935396663386136303063
34313361666161323733636232323230373130333764323661666638353935333163333533383534
32666233663435613463333134373032656663663431653734346632363732303639376462636238
32363762663263666432313362313762653339626539663836616639613538396539643438663134
65303964623539653665376263306635303739613834393533656239346130666632313232316434
64623365326664633037313939633065373062643765363738363661616432613432306536616436
33323365393265303065303237336331346266616538323930303032376438633136373838383066
65613437373361346638363031363839616336376133393437333831393864613537643431643230
61393362613538356433313830316336383531663434633764376532623639363666646531366563
34636234353135343632623666663135623465663135306234346266613835386466353534353833
33303033333036376437363431666262646432323634393831343232353532656564366336303066
62636130623264636163643832326364333838653436656138376161383866663730376666393833
63663435393564393432396439323239633837616564653964363737323231643364313862353262
63336534356433646631646236323737393036313866613334333636396439666634646366666566
30396363353230623233613463336531366464393731363833353163313132666164616663333432
33666430643234396364633431316365323637316265646166623130353933623464633537643963
33653366316264373034613864663066376363326239343936326530373163313938653264656566
38636232383865623837323237646431376534363161326462393337663961393538633461326234
63363931343630616663386365653034636362306131306233643062366636363463306230663162
36666530663961343037316539326235653865396533343163653563356265656164393762633730
65633635363637396530353039666561316564383365633339653935376565613662343137633966
31656265333662353430313261323732326438343731363535316639373232646530656563643330
38373539656264626561616261663430373539393363666135623761363365376565303939373439
36376433343332633638633661353636316462373263666364323735626132313532396264353631
31303438333662343439373235363033383639636361373936393933613735383232626338303435
35336466633539386364623365386563313530666230393734353761623836356266666465663464
33336265643266656236336535356563366132336561356631336265323537393734363831613138
61333939643233373339396566346638306433313838663164613130323232636339343166303863
33343036633564343262376233313039643835353932626664383831313535306232356266376263
62643231306563313337393235663030313634616265333966643462633739336464303730366666
66643836626232373461613461643432613136633631633561633438356664616261393334343538
65306230323831356161326332326436376264303765653134623065313861653337366537666533
37373836656230356164313032323739653562396434636136646465613561306163646338343531
35313036333766353634633862303233303535646462653534333639343033613335326566376461
62623861363666323966353135613162623565343333663433363539383364636135633038313765
39663864326136366633386532336630366431326463333634623036636131633966663562656130
32363331393231633164623331643134326137363034393231303265353335613566656464343962
35616634633566336563633432336162636433383335323630366266633865666362663662313862
66396263336531316432373934313632663830313365363735666363643562333833363030323537
39323263623336353963613664343464316465316133613139653338336331306262363866623337
38336134613265333364376530333130636336383766626133356634313835333665663963373163
35366132323864363739343330303430653532303834343166633065633532323431336130306464
35623764343663323962323136663633613866616538333266626365313734383230653466353039
38333838656561643233386238643864313434306135383130636332353132306233356130333038
6330
